time:[2025-09-18T19:12:03.065544600] ,password: zzF=fSW
time:[2025-09-18T19:12:24.512884100] ,password: [!>RPwlU
time:[2025-09-18T19:56:00.157677900] ,password: W*}t<?u
